0.8667274110227237 -0.02718170657335707
0.8537348200208983 -0.09650093312995067
0.7359961751159267 -0.09650093312995067
0.7067360011655348 0.00632607665641627
0.70501797260331 -0.107390962679627
0.6855290861005718 -0.107390962679627
0.6671676558417938 0.08025262340710371
0.6349009319075084 0.02601189930390811
0.6246464489267288 -0.18006096755919793
0.6186870373515114 0.15501686473853546
0.5564621903634303 0.15501686473853546
0.5557642412600264 0.15501686473853546
0.5488384386185575 -0.0028885637317713985
0.5036865004675857 -0.015663406088122486
0.4726546095623994 -0.015663406088122486
0.4482263909432649 0.1028703770872007
0.44473664542624564 -0.13461603655381785
0.4379719079624853 -0.13461603655381785
0.4145637688021718 -0.20519180498152795
0.4134363125582117 -0.1741971054939876
0.40817485008639814 0.12800121450953073
0.4011953590523597 0.28004278091462725
0.38245811004559493 0.14559280070516173
0.38041795112795296 -0.18655310055996652
0.3799347555948272 -0.18655310055996652
0.3780019734623243 -0.2864481793137283
0.37596181454468225 -0.2864481793137283
0.35845939856701664 -0.24330690840539512
0.3573856307156261 -0.22760013501643886
0.3567413700047918 -0.22760013501643886
0.33950739598997376 -0.19472062272222376
0.33054143443086287 -0.19472062272222376
0.3215217844791824 -0.10320248977590533
0.319642690739249 -0.06299314990017733
0.31185787381666763 -0.06299314990017733
0.3018181444061662 -0.13294064739232916
0.2957513560458097 -0.13294064739232916
0.2955366024755316 -0.13294064739232916
0.2945165230167106 -0.15116050452351842
0.2879665391232284 -0.15116050452351842
0.28522843110218254 -0.14445894787756378
0.27314854277403905 -0.08288839619285525
0.2699272392198675 -0.12037522868116418
0.2676186383393778 -0.08749571638694909
0.26606167495486155 -0.10676269174406876
0.261820291941869 -0.10676269174406876
0.26117603123103467 -0.10676269174406876
0.2573104669660288 -0.1553489774272401
0.256827271432903 -0.19011330252812994
0.2529080187753276 -0.35367316941846105
0.25285433038275806 -0.3620501152259044
0.2514584321759504 -0.2841445192166814
0.24941827325830837 -0.2412126719535343
0.2474318027332359 -0.2673906276017947
0.24571377417101103 -0.35199778025697237
0.245606397385872 -0.35199778025697237
0.2437809920385081 -0.2839350955714953
0.24217034026142228 -0.2608984946010261
0.24168714472829655 -0.2608984946010261
0.2413650143728794 -0.2877047211848448
0.23819739921127733 -0.2916837704433804
0.23755313850044302 -0.2916837704433804
0.23723100814502587 -0.30885650934863923
0.2364793706490525 -0.32581982460871195
0.23460027690911905 -0.313254405897547
0.23395601619828474 -0.3369192778035744
0.23229167602862943 -0.3465527654821342
0.2315937269252256 -0.3465527654821342
0.2301978287184179 -0.3465527654821342
0.2281576698007759 -0.3379663960295048
0.22660070641625962 -0.32707636647982846
0.21822531717541346 -0.32707636647982846
0.2166683537908972 -0.3130449822523609
0.21570196272464573 -0.19346408085110728
0.21457450648068566 -0.19346408085110728
0.21435975291040757 -0.19346408085110728
0.2138765573772818 -0.22383050940308938
0.21231959399276557 -0.27723353892554065
0.21146057971165313 -0.27723353892554065
0.2077560806243558 -0.2437257556957673
0.207165508306091 -0.2437257556957673
0.20485690742560136 -0.23262630250090488
0.20437371189247563 -0.24665768672837246
0.2040515815370585 -0.23765246998537087
0.20329994404108512 -0.23765246998537087
0.2026556833302508 -0.34864700193399506
0.2014745386937212 -0.34864700193399506
0.1992196262058011 -0.3352438886420857
0.19916593781323158 -0.318280573382013
0.1984143003172582 -0.3262386718990841
0.1972331556807286 -0.3394323615458074
0.19540775033336472 -0.3394323615458074
0.1905221066095378 -0.3394323615458074
0.1898778458987035 -0.2332545734364631
0.1892872735804387 -0.2332545734364631
0.1864417887742538 -0.2332545734364631
0.1856364628857109 -0.3128355586071748
0.183811057538347 -0.3138826768331052
0.18171721022813547 -0.3138826768331052
0.18150245665785736 -0.2638304256336313
0.1813950798727183 -0.2638304256336313
0.1809655727321621 -0.3448773763206456
0.17801271114083814 -0.20267872123929495
0.1768852548968781 -0.20267872123929495
0.17677787811173903 -0.20267872123929495
0.1765094361488914 -0.20267872123929495
0.17436190044611036 -0.20267872123929495
0.17403977009069319 -0.20267872123929495
0.17334182098728934 -0.20267872123929495
0.171677480817634 -0.20267872123929495
0.1714090388547864 -0.3545108639992054
0.17119428528450828 -0.3545108639992054
0.1671676558417938 -0.35890876054811316
0.16625495316811184 -0.07137009570762066
0.16587913442012517 -0.3444585290302734
0.16378528710991364 -0.3444585290302734
0.16072504873345062 -0.3444585290302734
0.15997341123747724 -0.1829928985918031
0.15981234605976868 -0.27702411528035453
0.1592754621340734 -0.27702411528035453
0.15895333177865625 -0.3572333713866245
0.15879226660094767 -0.3086470857034531
0.1582553826752524 -0.3086470857034531
0.1572353032164314 -0.31095074580050003
0.1570742380387228 -0.34759988370806466
0.1570742380387228 -0.3092753566390114
0.1558394050096237 -0.3092753566390114
0.15524883269135892 -0.3069716965419645
0.1551951442987894 -0.27095082956995814
0.15444350680281602 -0.2820502827648205
0.152403347885174 -0.26864716947291123
0.15100744967836632 -0.09315015480697333
0.1501484353972539 -0.16707670155766077
0.1499336818269758 -0.16707670155766077
0.14907466754586338 0.5041281755001883
0.14902097915329385 0.5041281755001883
0.14853778362016812 0.5041281755001883
0.14826934165732047 0.5041281755001883
0.1472492621984995 0.5041281755001883
0.14483328453287078 0.5041281755001883
0.14477959614030125 0.5041281755001883
0.14413533542946694 0.5041281755001883
0.14338369793349356 0.5041281755001883
0.1432763211483545 0.5041281755001883
0.1430078791855069 0.5041281755001883
0.1428468140077983 0.5041281755001883
0.14171935776383826 0.5041281755001883
0.14064558991244772 0.5041281755001883
0.13967919884619626 0.5041281755001883
0.13951813366848767 0.5041281755001883
0.1391960033130705 0.5041281755001883
0.13887387295765335 0.5041281755001883
0.13822961224681904 0.5041281755001883
0.13640420689945512 0.5041281755001883
0.13618945332917703 0.5041281755001883
0.13602838815146845 0.5041281755001883
0.1359210113663294 0.5041281755001883
0.13570625779605128 0.5041281755001883
0.13554519261834272 0.5041281755001883
0.13425667119667406 0.5041281755001883
0.13398822923382644 0.5041281755001883
0.13393454084125692 0.5041281755001883
0.13393454084125692 0.5041281755001883
0.13393454084125692 0.5041281755001883
0.1337197872709788 0.5041281755001883
0.1334513453081312 0.5041281755001883
0.13318290334528354 0.5041281755001883
0.13200175870875397 0.5041281755001883
0.13098167924993295 0.5041281755001883
0.13082061407222437 0.5041281755001883
0.13049848371680722 0.5041281755001883
0.13049848371680722 0.5041281755001883
0.13049848371680722 0.5041281755001883
0.12797512926603946 0.5041281755001883
0.12770668730319185 0.5041281755001883
0.12749193373291373 0.5041281755001883
0.1274382453403442 0.5041281755001883
0.12668660784437083 0.5041281755001883
0.12641816588152321 0.5041281755001883
0.12405587660846404 0.5041281755001883
0.12341161589762972 0.5041281755001883
0.12330423911249067 0.5041281755001883
0.12298210875707351 0.5041281755001883
0.12185465251311346 0.5041281755001883
0.12083457305429246 0.5041281755001883
0.11927760966977619 0.5041281755001883
0.11772064628525993 0.5041281755001883
0.11632474807845224 0.5041281755001883
0.11627105968588271 0.5041281755001883
0.11589524093789602 0.5041281755001883
0.11374770523511496 0.5041281755001883
0.1132108213094197 0.5041281755001883
0.11304975613171112 0.5041281755001883
0.11304975613171112 0.5041281755001883
0.11272762577629396 0.5041281755001883
0.11197598828032058 0.5041281755001883
0.11176123471004248 0.5041281755001883
0.1116001695323339 0.5041281755001883
0.1111706623917777 0.5041281755001883
0.10982845257753952 0.5041281755001883
0.10918419186670521 0.5041281755001883
0.10886206151128805 0.5041281755001883
0.10821780080045373 0.5041281755001883
0.1079493588376061 0.5041281755001883
0.10778829365989752 0.5041281755001883
0.1063387070605203 0.5041281755001883
0.10569444634968599 0.5041281755001883
0.10564075795711646 0.5041281755001883
0.10564075795711646 0.5041281755001883
0.10515756242399073 0.5041281755001883
0.1051038740314212 0.5041281755001883
0.10419117135773925 0.5041281755001883
0.10403010618003067 0.5041281755001883
0.10376166421718304 0.5041281755001883
0.10322478029148777 0.5041281755001883
0.10290264993607061 0.5041281755001883
0.10252683118808392 0.5041281755001883
0.10241945440294488 0.5041281755001883
0.10236576601037535 0.5041281755001883
0.10236576601037535 0.5041281755001883
0.10172150529954103 0.5041281755001883
0.10156044012183245 0.5041281755001883
0.10096986780356766 0.5041281755001883
0.10096986780356766 0.5041281755001883
0.10080880262585908 0.5041281755001883
0.10054036066301145 0.5041281755001883
0.09903708567106471 0.5041281755001883
0.09892970888592566 0.5041281755001883
0.09887602049335613 0.5041281755001883
0.09871495531564754 0.5041281755001883
0.09855389013793897 0.5041281755001883
0.09785594103453513 0.5041281755001883
0.0978022526419656 0.5041281755001883
0.09764118746425703 0.5041281755001883
0.0975874990716875 0.5041281755001883
0.09710430353856175 0.5041281755001883
0.09694323836085318 0.5041281755001883
0.09694323836085318 0.5041281755001883
0.0967821731831446 0.5041281755001883
0.09629897765001885 0.5041281755001883
0.09608422407974075 0.5041281755001883
0.0957620937243236 0.5041281755001883
0.09527889819119785 0.5041281755001883
0.09431250712494638 0.5041281755001883
0.09318505088098632 0.5041281755001883
0.09280923213299964 0.5041281755001883
0.09227234820730437 0.5041281755001883
0.09173546428160911 0.5041281755001883
0.09168177588903959 0.5041281755001883
